0.0
0.24012760500256397
0.48025521000512794
0.7203828150076919
0.9605104200102559
1.20063802501282
1.4407656300153837
1.6808932350179477
1.9210208400205118
2.1611484450230756
2.40127605002564
2.6414036550282036
2.8815312600307674
3.1216588650333317
3.3617864700358955
3.6019140750384597
3.8420416800410235
4.082169285043587
4.322296890046151
4.562424495048716
4.80255210005128
5.042679705053843
5.282807310056407
5.522934915058971
5.763062520061535
6.0031901250640995
6.243317730066663
6.483445335069227
6.723572940071791
6.963700545074355
7.2038281500769195
7.443955755079483
7.684083360082047
7.924210965084611
8.164338570087175
8.40446617508974
8.644593780092302
8.884721385094867
9.124848990097432
9.364976595099995
9.60510420010256
9.845231805105122
10.085359410107687
10.325487015110252
10.565614620112814
10.80574222511538
11.045869830117942
11.285997435120507
11.52612504012307
11.766252645125634
12.006380250128199
12.246507855130762
12.486635460133327
12.72676306513589
12.966890670138454
13.207018275141019
13.447145880143582
13.687273485146147
13.92740109014871
14.167528695151274
14.407656300153839
14.647783905156402
14.887911510158967
15.12803911516153
15.368166720164094
15.608294325166659
15.848421930169222
16.088549535171786
16.32867714017435
16.568804745176912
16.80893235017948
17.04905995518204
17.289187560184605
17.52931516518717
17.769442770189734
18.009570375192297
18.249697980194863
18.489825585197426
18.72995319019999
18.970080795202552
19.21020840020512
19.45033600520768
19.690463610210244
19.93059121521281
20.170718820215374
20.410846425217937
20.650974030220503
20.891101635223066
21.13122924022563
21.371356845228192
21.61148445023076
21.85161205523332
22.091739660235884
22.33186726523845
22.571994870241014
22.812122475243577
23.05225008024614
23.292377685248706
23.53250529025127
23.77263289525383
24.012760500256398
24.25288810525896
24.493015710261524
24.73314331526409
24.973270920266653
25.213398525269216
25.45352613027178
25.693653735274346
25.93378134027691
26.17390894527947
26.414036550282038
26.6541641552846
26.894291760287164
27.13441936528973
27.374546970292293
27.614674575294856
27.85480218029742
28.094929785299986
28.33505739030255
28.57518499530511
28.815312600307678
29.05544020531024
29.295567810312804
29.53569541531537
29.775823020317933
30.015950625320496
30.25607823032306
30.496205835325625
30.73633344032819
30.97646104533075
31.216588650333318
31.45671625533588
31.696843860338443
31.936971465341006
32.17709907034357
32.417226675346136
32.6573542803487
32.89748188535126
33.137609490353825
33.377737095356395
33.61786470035896
33.85799230536152
34.09811991036408
34.338247515366646
34.57837512036921
34.81850272537178
35.05863033037434
35.298757935376905
35.53888554037947
35.77901314538203
36.019140750384594
36.25926835538716
36.49939596038973
36.73952356539229
36.97965117039485
37.219778775397415
37.45990638039998
37.70003398540254
37.940161590405104
38.180289195407674
38.42041680041024
38.6605444054128
38.90067201041536
39.140799615417926
39.38092722042049
39.62105482542305
39.86118243042562
40.101310035428185
40.34143764043075
40.58156524543331
40.82169285043587
41.061820455438436
41.301948060441006
41.54207566544357
41.78220327044613
42.022330875448695
42.26245848045126
42.50258608545382
42.742713690456384
42.982841295458954
43.22296890046152
43.46309650546408
43.70322411046664
43.943351715469205
44.18347932047177
44.42360692547433
44.6637345304769
44.903862135479464
45.14398974048203
45.38411734548459
45.62424495048715
45.864372555489716
46.10450016049228
46.34462776549485
46.58475537049741
46.824882975499975
47.06501058050254
47.3051381855051
47.54526579050766
47.78539339551023
48.025521000512796
48.26564860551536
48.50577621051792
48.745903815520485
48.98603142052305
49.22615902552561
49.46628663052818
49.706414235530744
49.94654184053331
50.18666944553587
50.42679705053843
50.666924655540996
50.90705226054356
51.14717986554613
51.38730747054869
51.627435075551254
51.86756268055382
52.10769028555638
52.34781789055894
52.58794549556151
52.828073100564076
53.06820070556664
53.3083283105692
53.548455915571765
53.78858352057433
54.02871112557689
54.26883873057946
54.50896633558202
54.74909394058459
54.98922154558715
55.22934915058971
55.469476755592275
55.70960436059484
55.94973196559741
56.18985957059997
56.429987175602534
56.6701147806051
56.91024238560766
57.15036999061022
57.390497595612786
57.630625200615356
57.87075280561792
58.11088041062048
58.351008015623044
58.59113562062561
58.83126322562817
59.07139083063074
59.3115184356333
59.551646040635866
59.79177364563843
60.03190125064099
60.272028855643555
60.51215646064612
60.75228406564869
60.99241167065125
61.232539275653814
61.47266688065638
61.71279448565894
61.9529220906615
62.193049695664065
62.433177300666635
62.6733049056692
62.91343251067176
63.153560115674324
63.39368772067689
63.63381532567945
63.87394293068201
64.11407053568458
64.35419814068715
64.5943257456897
64.83445335069227
65.07458095569484
65.3147085606974
65.55483616569997
65.79496377070252
66.0350913757051
66.27521898070765
66.51534658571022
66.75547419071279
66.99560179571534
67.23572940071791
67.47585700572047
67.71598461072304
67.95611221572561
68.19623982072817
68.43636742573074
68.67649503073329
68.91662263573586
69.15675024073842
69.39687784574099
69.63700545074356
69.87713305574611
70.11726066074868
70.35738826575124
70.59751587075381
70.83764347575637
71.07777108075894
71.3178986857615
71.55802629076406
71.79815389576663
72.03828150076919
72.27840910577176
72.51853671077431
72.75866431577688
72.99879192077945
73.23891952578201
73.47904713078458
73.71917473578713
73.9593023407897
74.19942994579226
74.43955755079483
74.6796851557974
74.91981276079996
75.15994036580253
75.40006797080508
75.64019557580765
75.88032318081021
76.12045078581278
76.36057839081535
76.6007059958179
76.84083360082047
77.08096120582303
77.3210888108256
77.56121641582816
77.80134402083073
78.0414716258333
78.28159923083585
78.52172683583842
78.76185444084098
79.00198204584355
79.2421096508461
79.48223725584867
79.72236486085124
79.9624924658538
80.20262007085637
80.44274767585893
80.6828752808615
80.92300288586407
81.16313049086662
81.40325809586919
81.64338570087175
81.88351330587432
82.12364091087687
82.36376851587944
82.60389612088201
82.84402372588457
83.08415133088714
83.3242789358897
83.56440654089226
83.80453414589482
84.04466175089739
84.28478935589996
84.52491696090252
84.76504456590509
85.00517217090764
85.24529977591021
85.48542738091277
85.72555498591534
85.96568259091791
86.20581019592046
86.44593780092303
86.68606540592559
86.92619301092816
87.16632061593072
87.40644822093329
87.64657582593586
87.88670343093841
88.12683103594098
88.36695864094354
88.6070862459461
88.84721385094866
89.08734145595123
89.3274690609538
89.56759666595636
89.80772427095893
90.04785187596148
90.28797948096405
90.52810708596661
90.76823469096918
91.00836229597175
91.2484899009743
91.48861750597688
91.72874511097943
91.968872715982
92.20900032098456
92.44912792598713
92.6892555309897
92.92938313599225
93.16951074099482
93.40963834599738
93.64976595099995
93.88989355600252
94.13002116100508
94.37014876600765
94.6102763710102
94.85040397601277
95.09053158101533
95.3306591860179
95.57078679102047
95.81091439602302
96.05104200102559
96.29116960602815
96.53129721103072
96.77142481603327
97.01155242103584
97.25168002603841
97.49180763104097
97.73193523604354
97.9720628410461
98.21219044604867
98.45231805105122
98.69244565605379
98.93257326105636
99.17270086605892
99.41282847106149
99.65295607606404
99.89308368106661
100.13321128606917
100.37333889107174
100.61346649607431
100.85359410107687
101.09372170607944
101.33384931108199
101.57397691608456
101.81410452108712
102.05423212608969
102.29435973109226
102.53448733609481
102.77461494109738
103.01474254609994
103.25487015110251
103.49499775610506
103.73512536110763
103.9752529661102
104.21538057111276
104.45550817611533
104.69563578111789
104.93576338612046
105.17589099112303
105.41601859612558
105.65614620112815
105.89627380613071
106.13640141113328
106.37652901613583
106.6166566211384
106.85678422614097
107.09691183114353
107.3370394361461
107.57716704114866
107.81729464615123
108.05742225115378
108.29754985615635
108.53767746115892
108.77780506616148
109.01793267116405
109.2580602761666
109.49818788116917
109.73831548617173
109.9784430911743
110.21857069617687
110.45869830117942
110.698825906182
110.93895351118455
111.17908111618712
111.41920872118968
111.65933632619225
111.89946393119482
112.13959153619737
112.37971914119994
112.6198467462025
112.85997435120507
113.10010195620762
113.3402295612102
113.58035716621276
113.82048477121532
114.06061237621789
114.30073998122045
114.54086758622302
114.78099519122557
115.02112279622814
115.26125040123071
115.50137800623327
115.74150561123584
115.9816332162384
116.22176082124096
116.46188842624352
116.70201603124609
116.94214363624866
117.18227124125121
117.42239884625378
117.66252645125634
117.90265405625891
118.14278166126148
118.38290926626404
118.6230368712666
118.86316447626916
119.10329208127173
119.34341968627429
119.58354729127686
119.82367489627943
120.06380250128198
120.30393010628455
120.54405771128711
120.78418531628968
121.02431292129224
121.2644405262948
121.50456813129738
121.74469573629993
121.9848233413025
122.22495094630506
122.46507855130763
122.70520615631018
122.94533376131275
123.18546136631532
123.42558897131788
123.66571657632045
123.905844181323
124.14597178632557
124.38609939132813
124.6262269963307
124.86635460133327
125.10648220633583
125.3466098113384
125.58673741634095
125.82686502134352
126.06699262634608
126.30712023134865
126.54724783635122
126.78737544135377
127.02750304635634
127.2676306513589
127.50775825636147
127.74788586136403
127.9880134663666
128.22814107136915
128.46826867637174
128.7083962813743
128.94852388637685
129.1886514913794
129.428779096382
129.66890670138454
129.9090343063871
130.14916191138968
130.38928951639224
130.6294171213948
130.86954472639735
131.10967233139993
131.3497999364025
131.58992754140505
131.83005514640763
132.0701827514102
132.31031035641274
132.5504379614153
132.79056556641788
133.03069317142044
133.270820776423
133.51094838142558
133.75107598642813
133.9912035914307
134.23133119643325
134.47145880143583
134.71158640643839
134.95171401144094
135.19184161644353
135.43196922144608
135.67209682644864
135.91222443145122
136.15235203645378
136.39247964145633
136.6326072464589
136.87273485146147
137.11286245646403
137.35299006146658
137.59311766646917
137.83324527147172
138.07337287647428
138.31350048147684
138.55362808647942
138.79375569148198
139.03388329648453
139.27401090148712
139.51413850648967
139.75426611149223
139.99439371649478
140.23452132149737
140.47464892649992
140.71477653150248
140.95490413650506
141.19503174150762
141.43515934651018
141.67528695151273
141.91541455651532
142.15554216151787
142.39566976652043
142.635797371523
142.87592497652557
143.11605258152812
143.35618018653068
143.59630779153326
143.83643539653582
144.07656300153837
144.31669060654096
144.55681821154351
144.79694581654607
145.03707342154863
145.2772010265512
145.51732863155377
145.75745623655632
145.9975838415589
146.23771144656146
146.47783905156402
146.71796665656657
146.95809426156916
147.1982218665717
147.43834947157427
147.67847707657685
147.9186046815794
148.15873228658197
148.39885989158452
148.6389874965871
148.87911510158966
149.11924270659222
149.3593703115948
149.59949791659736
149.8396255215999
150.07975312660247
150.31988073160505
150.5600083366076
150.80013594161016
151.04026354661275
151.2803911516153
151.52051875661786
151.76064636162042
152.000773966623
152.24090157162556
152.4810291766281
152.7211567816307
152.96128438663325
153.2014119916358
153.44153959663836
153.68166720164095
153.9217948066435
154.16192241164606
154.40205001664864
154.6421776216512
154.88230522665376
155.1224328316563
155.3625604366589
155.60268804166145
155.842815646664
156.0829432516666
156.32307085666915
156.5631984616717
156.80332606667426
157.04345367167684
157.2835812766794
157.52370888168196
157.76383648668454
158.0039640916871
158.24409169668965
158.4842193016922
158.7243469066948
158.96447451169735
159.2046021166999
159.4447297217025
159.68485732670504
159.9249849317076
160.16511253671018
160.40524014171274
160.6453677467153
160.88549535171785
161.12562295672043
161.365750561723
161.60587816672555
161.84600577172813
162.0861333767307
162.32626098173324
162.5663885867358
162.80651619173838
163.04664379674094
163.2867714017435
163.52689900674608
163.76702661174863
164.0071542167512
164.24728182175375
164.48740942675633
164.72753703175889
164.96766463676144
165.20779224176403
165.44791984676658
165.68804745176914
165.9281750567717
166.16830266177428
166.40843026677683
166.6485578717794
166.88868547678197
167.12881308178453
167.36894068678708
167.60906829178964
167.84919589679222
168.08932350179478
168.32945110679734
168.56957871179992
168.80970631680248
169.04983392180503
169.2899615268076
169.53008913181017
169.77021673681273
170.01034434181528
170.25047194681787
170.49059955182042
170.73072715682298
170.97085476182554
171.21098236682812
171.45110997183068
171.69123757683323
171.93136518183582
172.17149278683837
172.41162039184093
172.65174799684348
172.89187560184607
173.13200320684862
173.37213081185118
173.61225841685376
173.85238602185632
174.09251362685887
174.33264123186143
174.57276883686401
174.81289644186657
175.05302404686913
175.2931516518717
175.53327925687427
175.77340686187682
176.01353446687938
176.25366207188196
176.49378967688452
176.73391728188707
176.97404488688966
177.2141724918922
177.45430009689477
177.69442770189733
177.9345553068999
178.17468291190247
178.41481051690502
178.6549381219076
178.89506572691016
179.13519333191272
179.37532093691527
179.61544854191786
179.8555761469204
180.09570375192297
180.33583135692555
180.5759589619281
180.81608656693066
181.05621417193322
181.2963417769358
181.53646938193836
181.77659698694092
182.0167245919435
182.25685219694606
182.4969798019486
182.73710740695117
182.97723501195375
183.2173626169563
183.45749022195886
183.69761782696145
183.937745431964
184.17787303696656
184.41800064196912
184.6581282469717
184.89825585197426
185.1383834569768
185.3785110619794
185.61863866698195
185.8587662719845
186.0988938769871
186.33902148198965
186.5791490869922
186.81927669199476
187.05940429699734
187.2995319019999
187.53965950700245
187.77978711200504
188.0199147170076
188.26004232201015
188.5001699270127
188.7402975320153
188.98042513701785
189.2205527420204
189.460680347023
189.70080795202554
189.9409355570281
190.18106316203065
190.42119076703324
190.6613183720358
190.90144597703835
191.14157358204093
191.3817011870435
191.62182879204605
191.8619563970486
192.10208400205119
192.34221160705374
192.5823392120563
192.82246681705888
193.06259442206144
193.302722027064
193.54284963206655
193.78297723706913
194.0231048420717
194.26323244707424
194.50336005207683
194.74348765707938
194.98361526208194
195.2237428670845
195.46387047208708
195.70399807708964
195.9441256820922
196.18425328709478
196.42438089209733
196.6645084970999
196.90463610210244
197.14476370710503
197.38489131210758
197.62501891711014
197.86514652211272
198.10527412711528
198.34540173211784
198.5855293371204
198.82565694212298
199.06578454712553
199.3059121521281
199.54603975713067
199.78616736213323
200.02629496713578
200.26642257213834
200.50655017714092
200.74667778214348
200.98680538714603
201.22693299214862
201.46706059715117
201.70718820215373
201.9473158071563
202.18744341215887
202.42757101716143
202.66769862216398
202.90782622716657
203.14795383216912
203.38808143717168
203.62820904217423
203.86833664717682
204.10846425217937
204.34859185718193
204.5887194621845
204.82884706718707
205.06897467218963
205.30910227719218
205.54922988219477
205.78935748719732
206.02948509219988
206.26961269720246
206.50974030220502
206.74986790720757
206.98999551221013
207.2301231172127
207.47025072221527
207.71037832721782
207.9505059322204
208.19063353722296
208.43076114222552
208.67088874722808
208.91101635223066
209.15114395723322
209.39127156223577
209.63139916723836
209.8715267722409
210.11165437724347
210.35178198224605
210.5919095872486
210.83203719225116
211.07216479725372
211.3122924022563
211.55242000725886
211.79254761226142
212.032675217264
212.27280282226656
212.5129304272691
212.75305803227167
212.99318563727425
213.2333132422768
213.47344084727936
213.71356845228195
213.9536960572845
214.19382366228706
214.43395126728961
214.6740788722922
214.91420647729475
215.1543340822973
215.3944616872999
215.63458929230245
215.874716897305
216.11484450230756
216.35497210731015
216.5950997123127
216.83522731731526
217.07535492231784
217.3154825273204
217.55561013232295
217.7957377373255
218.0358653423281
218.27599294733065
218.5161205523332
218.7562481573358
218.99637576233835
219.2365033673409
219.47663097234346
219.71675857734604
219.9568861823486
220.19701378735115
220.43714139235374
220.6772689973563
220.91739660235885
221.1575242073614
221.397651812364
221.63777941736654
221.8779070223691
222.11803462737169
222.35816223237424
222.5982898373768
222.83841744237935
223.07854504738194
223.3186726523845
223.55880025738705
223.79892786238963
224.0390554673922
224.27918307239474
224.5193106773973
224.75943828239988
224.99956588740244
225.239693492405
225.47982109740758
225.71994870241014
225.9600763074127
226.20020391241525
226.44033151741783
226.6804591224204
226.92058672742294
227.16071433242553
227.40084193742808
227.64096954243064
227.8810971474332
228.12122475243578
228.36135235743834
228.6014799624409
228.84160756744348
229.08173517244603
229.3218627774486
229.56199038245114
229.80211798745373
230.04224559245628
230.28237319745884
230.52250080246142
230.76262840746398
231.00275601246653
231.2428836174691
231.48301122247167
231.72313882747423
231.9632664324768
232.20339403747937
232.44352164248193
232.68364924748448
232.92377685248704
233.16390445748962
233.40403206249218
233.64415966749473
233.88428727249732
234.12441487749987
234.36454248250243
234.604670087505
234.84479769250757
235.08492529751013
235.32505290251268
235.56518050751527
235.80530811251782
236.04543571752038
236.28556332252296
236.52569092752552
236.76581853252807
237.00594613753063
237.2460737425332
237.48620134753577
237.72632895253832
237.9664565575409
238.20658416254346
238.44671176754602
238.68683937254858
238.92696697755116
239.16709458255372
239.40722218755627
239.64734979255886
239.8874773975614
